[app/ui]
version = 6.5.1
modtime = 1515694053.119520000

[app/launcher]
version = 6.5.1
modtime = 1515694053.121527000
